              precision    recall  f1-score   support

          10     0.7629    0.5217    0.6196       623
          40     0.8004    0.7191    0.7576       502
          50     0.8479    0.7798    0.8124       336
          60     0.9141    0.8976    0.9058       166
        1140     0.7613    0.7584    0.7598       534
        1160     0.9267    0.9431    0.9348       791
        1180     0.7364    0.5294    0.6160       153
        1280     0.7377    0.7361    0.7369       974
        1281     0.6712    0.5918    0.6290       414
        1300     0.9800    0.9713    0.9756      1009
        1301     0.9592    0.8758    0.9156       161
        1302     0.8049    0.7871    0.7959       498
        1320     0.7286    0.7994    0.7623       648
        1560     0.8727    0.7901    0.8294      1015
        1920     0.9360    0.8827    0.9085       861
        1940     0.9259    0.9317    0.9288       161
        2060     0.7722    0.8689    0.8177       999
        2220     0.8509    0.8303    0.8405       165
        2280     0.8852    0.9317    0.9079       952
        2403     0.8112    0.8188    0.8150       955
        2462     0.8263    0.7535    0.7882       284
        2522     0.8817    0.8958    0.8887       998
        2582     0.7264    0.8456    0.7814       518
        2583     0.9643    0.9794    0.9718      2042
        2585     0.8460    0.8918    0.8683       499
        2705     0.6779    0.8732    0.7633       552
        2905     0.9943    1.0000    0.9971       174

    accuracy                         0.8452     16984
   macro avg     0.8371    0.8224    0.8270     16984
weighted avg     0.8466    0.8452    0.8437     16984
