              precision    recall  f1-score   support

          10     0.7444    0.8042    0.7731       623
          40     0.8473    0.8287    0.8379       502
          50     0.8165    0.7679    0.7914       336
          60     0.9919    0.7410    0.8483       166
        1140     0.7096    0.8558    0.7759       534
        1160     0.9557    0.9823    0.9688       791
        1180     1.0000    0.0065    0.0130       153
        1280     0.6608    0.8101    0.7279       974
        1281     0.7490    0.4614    0.5710       414
        1300     0.9536    0.9782    0.9658      1009
        1301     1.0000    0.6522    0.7895       161
        1302     0.7971    0.7811    0.7890       498
        1320     0.7529    0.8086    0.7798       648
        1560     0.8803    0.8187    0.8484      1015
        1920     0.9114    0.9199    0.9156       861
        1940     0.9712    0.8385    0.9000       161
        2060     0.7671    0.8739    0.8170       999
        2220     0.9149    0.5212    0.6641       165
        2280     0.8954    0.9349    0.9147       952
        2403     0.8734    0.8450    0.8590       955
        2462     0.8110    0.8310    0.8209       284
        2522     0.9348    0.8908    0.9123       998
        2582     0.8023    0.8069    0.8046       518
        2583     0.9682    0.9848    0.9765      2042
        2585     0.9272    0.8677    0.8965       499
        2705     0.9028    0.9257    0.9141       552
        2905     1.0000    1.0000    1.0000       174

    accuracy                         0.8599     16984
   macro avg     0.8718    0.7977    0.8102     16984
weighted avg     0.8659    0.8599    0.8554     16984
