              precision    recall  f1-score   support

          10     0.5671    0.7191    0.6341       623
          40     0.6513    0.7032    0.6762       502
          50     0.4986    0.5179    0.5080       336
          60     0.7019    0.8795    0.7807       166
        1140     0.7257    0.6985    0.7118       534
        1160     0.9366    0.9520    0.9442       791
        1180     0.5135    0.4967    0.5050       153
        1280     0.5728    0.3717    0.4508       974
        1281     0.3593    0.4227    0.3885       414
        1300     0.7478    0.7730    0.7602      1009
        1301     0.7403    0.7081    0.7238       161
        1302     0.4140    0.6526    0.5066       498
        1320     0.5073    0.5895    0.5453       648
        1560     0.7054    0.5379    0.6104      1015
        1920     0.8489    0.8351    0.8419       861
        1940     0.8395    0.8447    0.8421       161
        2060     0.6017    0.5596    0.5799       999
        2220     0.5455    0.5091    0.5266       165
        2280     0.7951    0.7784    0.7866       952
        2403     0.7851    0.6387    0.7044       955
        2462     0.6813    0.6549    0.6679       284
        2522     0.7640    0.7234    0.7432       998
        2582     0.4436    0.5541    0.4927       518
        2583     0.8911    0.8051    0.8459      2042
        2585     0.4358    0.6192    0.5116       499
        2705     0.8316    0.8859    0.8579       552
        2905     0.8187    0.9080    0.8610       174

    accuracy                         0.6860     16984
   macro avg     0.6638    0.6792    0.6669     16984
weighted avg     0.7001    0.6860    0.6882     16984
